25,52
25,51
25,50
25,49
25,48
25,47
25,46
25,45
25,44
25,43
25,42
25,41
25,40
25,39
25,38
25,37
25,36
25,35
10,200
10,94
10,180
10,102
10,24
10,98
10,33
10,7
11,6
11,8
11,18
11,12
11,14
9,7
9,6
9,4
8,11
8,17
8,4
23,5
23,4
23,3
23,2
23,1
23,0
12,3
12,2
12,1
11,27
11,26
11,25
11,24
11,23
11,22
11,21
11,20
11,19
11,17
11,15
11,3
11,2
11,1
10,308
10,307
10,306
10,305
20,2
10,304
20,1
10,303
20,3
10,302
10,301
10,300
10,299
10,298
10,297
10,296
10,295
10,294
10,293
10,292
10,291
10,290
10,289
10,288
10,287
10,286
10,285
